b0, PSA, 12, 79, 68, 184, 125, 179, 133, 189, 138, 139, 229, 131, 225, 127, 233, 21, 175, 26, 168, 18, 163, 67, 73, 74, 76
b1, OHE, 4, 226, 150, 254, 164, 240, 191, 212, 176
b2, BHE, 12, 337, 209, 389, 236, 385, 242, 390, 244, 385, 253, 381, 251, 378, 255, 327, 228, 330, 223, 324, 219, 328, 212, 334, 214
b3, VHE, 12, 405, 239, 440, 257, 426, 283, 421, 280, 394, 329, 401, 332, 386, 357, 351, 339, 365, 313, 369, 315, 396, 266, 391, 263
b4, HED & PCE, 14, 267, 265, 291, 278, 284, 290, 290, 294, 296, 283, 354, 314, 348, 327, 340, 322, 335, 330, 290, 305, 291, 301, 281, 295, 277, 301, 258, 289
b5, small building 1, 4, 207, 193, 219, 199, 191, 251, 179, 245
b6, small building 2, 4, 264, 174, 273, 179, 247, 228, 237, 222
b7, small building 3, 4, 216, 228, 241, 241, 225, 271, 199, 257
b8, NBA, 4, 182, 284, 207, 298, 202, 306, 177, 293
b9, ABT, 4, 157, 282, 169, 288, 158, 308, 147, 301
b10, SBA, 4, 172, 304, 197, 317, 191, 327, 166, 313
b11, GER, 4, 65, 226, 122, 258, 77, 341, 20, 310
b12, EEB, 4, 127, 346, 184, 375, 171, 400, 115, 370
b13, SAL, 8, 216, 370, 266, 397, 255, 417, 261, 420, 247, 445, 187, 412, 201, 388, 206, 391
b14, SSC, 12, 232, 324, 241, 329, 238, 333, 245, 338, 247, 334, 293, 358, 277, 386, 233, 360, 234, 356, 228, 352, 224, 359, 217, 354
b15, SSL, 12, 309, 371, 325, 379, 333, 365, 349, 374, 342, 388, 357, 396, 346, 416, 331, 409, 324, 422, 307, 413, 313, 399, 298, 391
b16, PHE, 6, 300, 432, 338, 452, 322, 482, 296, 469, 302, 459, 289, 452
b17, LHI & SLH, 6, 446, 339, 478, 357, 460, 390, 491, 408, 488, 417, 424, 382
b18, HLAG, 4, 420, 426, 464, 449, 435, 503, 392, 480
b19, RRB & LIS & OCW & CEM & SCI, 16, 474, 285, 529, 315, 533, 310, 695, 397, 644, 494, 601, 471, 644, 390, 627, 380, 623, 387, 633, 393, 609, 434, 586, 422, 610, 371, 524, 325, 508, 353, 454, 323
b20, SHS, 4, 565, 357, 596, 374, 582, 399, 551, 383
b21, ACP, 4, 564, 425, 585, 436, 573, 458, 552, 447
b22, HAR, 8, 498, 459, 574, 503, 537, 569, 465, 530, 458, 541, 439, 530, 445, 517, 462, 525
b23, MPH, 6, 586, 500, 629, 523, 596, 578, 569, 563, 559, 579, 549, 574
b24, ACC, 4, 748, 427, 791, 450, 768, 494, 725, 471
b25, BRI, 8, 722, 483, 735, 490, 729, 505, 757, 518, 746, 538, 719, 525, 710, 535, 698, 528
b26, SGM, 16, 297, 13, 357, 45, 334, 87, 312, 75, 291, 114, 310, 125, 295, 151, 239, 121, 253, 95, 275, 106, 280, 98, 259, 86, 270, 62, 293, 73, 297, 66, 275, 54
b27, GFS, 4, 380, 66, 493, 126, 475, 157, 363, 97
b28, BKS, 4, 607, 199, 641, 217, 617, 257, 584, 239
b29, HSH, 4, 552, 231, 565, 238, 540, 284, 527, 278
b30, YWC, 8, 514, 215, 537, 224, 530, 237, 521, 232, 513, 248, 530, 258, 527, 264, 497, 247
b31, commons & STU, 12, 659, 228, 700, 249, 692, 263, 708, 272, 718, 255, 766, 280, 740, 329, 646, 278, 640, 290, 619, 278, 640, 236, 652, 241
b32, TSC, 4, 677, 320, 708, 337, 690, 368, 661, 351
b33, HNB, 16, 431, 163, 440, 160, 443, 171, 472, 186, 482, 183, 485, 195, 474, 198, 458, 227, 462, 236, 452, 239, 449, 230, 421, 214, 410, 216, 408, 207, 417, 205, 434, 175
b34, PKS, 12, 94, 402, 110, 412, 105, 420, 115, 426, 118, 422, 176, 454, 165, 472, 108, 441, 110, 435, 100, 430, 74, 480, 57, 470
b35, STO, 12, 574, 247, 586, 254, 577, 270, 589, 277, 599, 259, 610, 265, 587, 309, 575, 302, 581, 290, 570, 283, 562, 296, 552, 289
